AverageDeviceTimePerPhoton: 8.31888850631735
AverageHostTimePerPhoton: 18.04736620725734
CLSimInitTime_000: 13.496412754058838
CLSimTrayTime_000: 157.06295251846313
DeviceTimePerKernelMean: 4056638512.9411764
DeviceTimePerKernelStd: 985290622.0540231
DeviceUtilization: 0.46094750950263846
HostTimePerKernelMean: 8800651764.705883
HostTimePerKernelStd: 8894021901.863476
InputTimePerKernelMean: 4652347562.470589
InputTimePerKernelStd: 8647152783.842548
NumKernelCalls: 17.0
OutputTimePerKernelMean: 5647.444444444443
OutputTimePerKernelStd: 3831.9160500171556
TotalCLSimInitTime: 13.496412754058838
TotalCLSimTrayTime: 157.06295251846313
TotalDeviceTime: 68962854720.0
TotalHostTime: 149611080000.0
TotalNumGeneratedHits: 64058.0
TotalNumPhotonsAtDOMs: 212111.0
TotalNumPhotonsGenerated: 8289912128.0
TotalNumberOfModels: 1.0
TotalQueueTime: 79090010216.0
