AverageDeviceTimePerPhoton: 17.81976249370678
AverageHostTimePerPhoton: 18.185720974899493
CLSimInitTime_000: 7.508998870849609
CLSimInitTime_001: 1.0440611839294434
CLSimInitTime_002: 1.0554585456848145
CLSimInitTime_003: 1.0043816566467285
CLSimInitTime_004: 1.040215253829956
CLSimInitTime_005: 1.0374739170074463
CLSimInitTime_006: 1.074634075164795
CLSimInitTime_007: 1.0117504596710205
CLSimInitTime_008: 1.0125107765197754
CLSimInitTime_009: 1.0712225437164307
CLSimInitTime_010: 1.052828073501587
CLSimInitTime_011: 1.021815299987793
CLSimTrayTime_000: 183.1451551914215
CLSimTrayTime_001: 146.51192545890808
CLSimTrayTime_002: 323.53044748306274
CLSimTrayTime_003: 249.3328459262848
CLSimTrayTime_004: 182.80067133903503
CLSimTrayTime_005: 248.82736229896545
CLSimTrayTime_006: 161.87099504470825
CLSimTrayTime_007: 165.18124389648438
CLSimTrayTime_008: 170.37387323379517
CLSimTrayTime_009: 216.40626049041748
CLSimTrayTime_010: 194.00655817985535
CLSimTrayTime_011: 49.32973051071167
DeviceTimePerKernelMean: 3613467757.3333335
DeviceTimePerKernelStd: 671842639.1712779
DeviceUtilization: 0.9798766030943826
HostTimePerKernelMean: 3656907833.333333
HostTimePerKernelStd: 678732838.4474105
InputTimePerKernelMean: 2681.5
InputTimePerKernelStd: 2544.8038502728728
NumKernelCalls: 518.0
OutputTimePerKernelMean: 9446.461538461537
OutputTimePerKernelStd: 4279.554973268922
TotalCLSimInitTime: 18.9353506565094
TotalCLSimTrayTime: 2291.31706905365
TotalDeviceTime: 2173175084704.0
TotalHostTime: 2217804852000.0
TotalNumGeneratedHits: 30478468.0
TotalNumPhotonsAtDOMs: 111619050.0
TotalNumPhotonsGenerated: 121953089188.0
TotalNumberOfModels: 12.0
TotalQueueTime: 6491497204.0
