AverageDeviceTimePerPhoton: 9.511245104569456
AverageHostTimePerPhoton: 19.825227774086784
CLSimInitTime_000: 7.365365743637085
CLSimInitTime_001: 1.2438480854034424
CLSimInitTime_002: 1.1882219314575195
CLSimInitTime_003: 1.257824420928955
CLSimInitTime_004: 1.2260544300079346
CLSimInitTime_005: 1.2435128688812256
CLSimInitTime_006: 1.2253921031951904
CLSimInitTime_007: 1.233891487121582
CLSimInitTime_008: 1.2056758403778076
CLSimInitTime_009: 1.2473206520080566
CLSimInitTime_010: 1.284663438796997
CLSimInitTime_011: 1.1707332134246826
CLSimInitTime_012: 1.1932933330535889
CLSimInitTime_013: 1.228621244430542
CLSimTrayTime_000: 101.02218222618103
CLSimTrayTime_001: 125.76415371894836
CLSimTrayTime_002: 157.9443564414978
CLSimTrayTime_003: 198.03880739212036
CLSimTrayTime_004: 228.19365096092224
CLSimTrayTime_005: 319.0825445652008
CLSimTrayTime_006: 172.2310390472412
CLSimTrayTime_007: 172.60990524291992
CLSimTrayTime_008: 232.60187435150146
CLSimTrayTime_009: 263.6765534877777
CLSimTrayTime_010: 121.36630773544312
CLSimTrayTime_011: 140.98477268218994
CLSimTrayTime_012: 207.25144839286804
CLSimTrayTime_013: 12.84114670753479
DeviceTimePerKernelMean: 2545830912.0
DeviceTimePerKernelStd: 2485068200.0975137
DeviceUtilization: 0.47975464458478706
HostTimePerKernelMean: 2647885500.0
HostTimePerKernelStd: 2545487538.6425486
InputTimePerKernelMean: 535.0
InputTimePerKernelStd: 7.0710678118654755
NumKernelCalls: 254.0
OutputTimePerKernelMean: 6500.333333333333
OutputTimePerKernelStd: 553.2940749125489
TotalCLSimInitTime: 23.31441879272461
TotalCLSimTrayTime: 2453.608742952347
TotalDeviceTime: 1125172214080.0
TotalHostTime: 2345307600000.0
TotalNumGeneratedHits: 37084090.0
TotalNumPhotonsAtDOMs: 110009018.0
TotalNumPhotonsGenerated: 118299150291.0
TotalNumberOfModels: 14.0
TotalQueueTime: 1192593229564.0
