AverageDeviceTimePerPhoton: 9.623749193644976
AverageHostTimePerPhoton: 20.45353556121643
CLSimInitTime_000: 7.18868613243103
CLSimInitTime_001: 1.273308515548706
CLSimInitTime_002: 1.4885923862457275
CLSimTrayTime_000: 228.66038131713867
CLSimTrayTime_001: 381.68975257873535
CLSimTrayTime_002: 58.59749507904053
DeviceTimePerKernelMean: 4617286802.285714
DeviceTimePerKernelStd: 245405184.3102639
DeviceUtilization: 0.4705176356841372
HostTimePerKernelMean: 7061992571.428572
HostTimePerKernelStd: 6075865243.581879
InputTimePerKernelMean: 2347221193.857143
InputTimePerKernelStd: 6210161130.143753
NumKernelCalls: 67.0
OutputTimePerKernelMean: 4585.0
OutputTimePerKernelStd: 2003.330084776702
TotalCLSimInitTime: 9.950587034225464
TotalCLSimTrayTime: 668.9476289749146
TotalDeviceTime: 303623456896.0
TotalHostTime: 645296656000.0
TotalNumGeneratedHits: 5845098.0
TotalNumPhotonsAtDOMs: 23901870.0
TotalNumPhotonsGenerated: 31549394190.0
TotalNumberOfModels: 3.0
TotalQueueTime: 335762657027.0
